cameraParams:
  extrinsic:
    Tcr_px: 0.024031400100119504
    Tcr_py: -0.21174902274952373
    Tcr_pz: -0.18135647071827318
    Tcr_qw: 0.4957501655146777
    Tcr_qx: 0.49213812275016805
    Tcr_qy: -0.49859228047811804
    Tcr_qz: 0.49213812275016805
  intrinsic:
    cx: 317.98730793707415
    cy: 242.76351142586714
    fx: 606.2796295002165
    fy: 610.3063922581083
    k1: 0.041582697792917074
    k2: 0.44879964384339943
    k3: -2.324215903775313
    p1: 0.00013301866306334066
    p2: 0.001975823258187173
