cameraParams:
  extrinsic:
    Tcr_px: 0.02851746106240053
    Tcr_py: -1.8398467214416363
    Tcr_pz: -0.012079712751894187
    Tcr_qw: 0.5137032634729815
    Tcr_qx: 0.4939215381009335
    Tcr_qy: -0.46100685768123373
    Tcr_qz: 0.4939215381009335
  intrinsic:
    cx: 271.8109506323368
    cy: 200.79707723122692
    fx: 633.7087542976747
    fy: 630.5656901148864
    k1: 0.06767459948097543
    k2: 0.2856899969968253
    k3: -0.9463213886368991
    p1: -0.014267318481957957
    p2: -0.02564853169737219
