cameraParams:
  extrinsic:
    Tcr_px: -0.026364771757804537
    Tcr_py: -0.07138614820292785
    Tcr_pz: -0.18729630684211637
    Tcr_qw: 0.48612152317640667
    Tcr_qx: 0.4998804188447242
    Tcr_qy: -0.5054345339411117
    Tcr_qz: 0.4998804188447242
  intrinsic:
    cx: 306.3181367749691
    cy: 272.0196910286984
    fx: 582.0618992649437
    fy: 592.6674022431772
    k1: 0.027461665651277195
    k2: 0.1564855599207586
    k3: -0.756914801657542
    p1: -0.001240950493276205
    p2: 0.006494136044758779
