cameraParams:
  extrinsic:
    Tcr_px: 0.09906981205827713
    Tcr_py: 0.668928703370337
    Tcr_pz: -0.16599137273895914
    Tcr_qw: 0.49213317995530537
    Tcr_qx: 0.5197004191644962
    Tcr_qy: -0.5016864279038222
    Tcr_qz: 0.5197004191644962
  intrinsic:
    cx: 317.14620548248286
    cy: 232.86207602140053
    fx: 642.476113772325
    fy: 647.1653126688408
    k1: 0.04284060697477671
    k2: -0.12122212203421387
    k3: 0.11453839628574304
    p1: 0.0018847613434205992
    p2: -0.006518364821883018
