cameraParams:
  extrinsic:
    Tcr_px: 0.07594421261264774
    Tcr_py: 0.2727258523105569
    Tcr_pz: -0.1779833212289362
    Tcr_qw: 0.4886729702932106
    Tcr_qx: 0.49854542169459637
    Tcr_qy: -0.49662732700519907
    Tcr_qz: 0.49854542169459637
  intrinsic:
    cx: 342.0592365558752
    cy: 216.609960794894
    fx: 644.3147452159744
    fy: 648.2046541749
    k1: 0.05589576579782012
    k2: -0.060935010721049884
    k3: -0.7050345296713185
    p1: -0.007661193056131583
    p2: 0.00761308870602566
